111826e1 23 11 -11
116150l1 23 11 -11
120428e1 23 11 -11
126270x1 23 11 -11
135102h1 23 11 -11
135102z1 23 11 -11
137270f1 53 13 -13
148603e1 23 11 -11
158470m1 23 11 -11
159460f1 67 11 -11
170154o1 23 11 -11
171534f1 23 11 -11
180182b1 23 11 -11
182160de1 23 11 -11
194465b1 23 11 -11
198114m1 89 11 -11
198720ew1 23 11 -11
198720gt1 23 11 -11
25645b1 23 11 -11
26611d1 89 11 -11
28244d1 23 11 -11
203895a1 23 11 -11
209760co1 23 11 -11
213900m1 23 11 -11
217488m1 23 11 -11
219098a1 23 11 -11
220041a1 23 11 -11
226182h1 23 11 -11
227700cf1 23 11 -11
233519a1 23 11 -11
235106c1 23 11 -11
240465h1 23 11 -11
243846cf1 23 11 -11
248446d1 23 11 -11
253782f1 23 11 -11
254702i1 23 11 -11
254702l1 23 11 -11
255438j1 23 11 -11
